50 146
1 38 5 2
3 20 20 15
42 20 15 24
27 4 3 3
6 33 12 15
21 3 13 21
37 7 10 4
41 12 10 11
5 28 2 2
21 42 16 12
6 24 11 2
20 37 9 15
22 32 4 16
40 44 6 20
23 31 9 46
36 18 2 11
20 34 4 4
33 41 20 28
24 7 9 63
8 11 15 8
13 41 19 10
6 9 11 5
3 23 14 3
31 39 19 8
43 42 6 2
27 40 1 53
35 21 9 10
13 12 13 21
40 31 12 14
1 8 3 5
22 37 6 48
13 12 18 21
26 11 9 2
40 31 12 14
9 26 5 1
2 44 3 7
32 40 9 37
33 45 18 3
11 21 18 2
42 14 4 5
38 37 12 54
19 47 16 12
30 21 10 3
28 45 4 36
47 13 9 1
19 39 2 7
8 46 12 1
7 2 10 14
7 40 3 1
20 48 5 5
44 12 6 29
18 37 19 28
48 49 5 13
45 19 9 2
22 15 4 13
30 42 3 15
42 3 19 9
38 26 19 9
43 3 20 11
9 10 19 16
49 45 4 15
22 44 16 13
16 34 20 14
36 17 8 14
15 32 17 3
9 21 12 5
2 41 20 25
10 36 6 1
3 16 16 5
37 33 18 15
44 39 1 2
39 50 6 42
30 37 19 44
26 43 18 14
5 49 18 23
32 49 5 35